11752
11759
11790
11770
11789
11765
11773
11775
11778
11777
11781
11780
11776
11779
11783
11799
11801
11796
11791
11797
11808
11803
11794
11795
11798
11805
11802
11806
11807
11793
11800
11792
11809
11810
11813
11831
11804
11823
11827
11829
11818
11820
11812
11819
11824
11825
11817
11816
11830
11832
11821
11833
11828
11826
11811
11814
11822
11815
11834
11836
11839
11835
11837
11847
11840
11845
11838
11846
11843
11844
11842
11841
12423
12432
12427
12408
12403
12398
12433
12407
12430
12388
12386
12400
12397
12415
12410
12402
12414
12422
12412
12406
12419
12429
12431
12413
12420
12421
12416
12424
12435
12434
12443
12437
12438
12436
12439
12442
12440
12441
12453
12458
12450
12454
12445
12446
12449
12451
12461
12460
12457
12448
12447
12456
12459
12444
12452
12455
12464
12493
12467
12479
12474
12515
12478
12469
12475
12468
12488
12489
12512
12473
12470
12514
12491
12500
12481
12494
12476
12516
12499
12502
12466
12463
12480
12477
12513
12496
12517
12509
12482
12497
12462
12465
12472
12471
12483
12486
12485
12484
12487
12508
12495
12504
12505
12498
12510
12501
12511
12506
12490
12492
12503
12507
12525
12521
12528
12526
12531
12522
12518
12523
12530
12524
12529
12519
12520
12527
12544
12533
12550
12535
12537
12542
12534
12532
12543
12567
12548
12538
12536
12539
12540
12551
12541
12561
12573
12575
12565
12563
12554
12545
12580
12574
12572
12556
12578
12581
12571
12558
12557
12568
12570
12562
12547
12546
12576
12553
12552
12560
12579
12549
12555
12566
12577
12559
12564
12569
12583
12590
12587
12584
12589
12588
12591
12582
12593
12585
12586
12592
12607
12594
12606
12602
12608
12609
12595
12596
12597
12598
12611
12612
12640
12605
12600
12601
12613
12604
12610
12603
12599
12615
12632
12626
12617
12621
12616
12623
12622
12624
12614
12628
12635
12627
12620
12634
12625
12636
12630
12631
12629
12618
12633
12637
12619
12644
12653
12650
12641
12638
12639
12648
12647
12646
12643
12649
12654
12655
12656
12651
12652
12645
12642
12657
12662
12660
12659
12658
12661
12665
12674
12672
12673
12663
12668
12671
12667
12677
12666
12676
12680
12681
12669
12664
12686
12695
12691
12692
12698
12703
12682
12693
12685
12704
12700
12690
12675
12678
12683
12684
12696
12694
12706
12699
12688
12689
12701
12697
12687
12705
12670
12679
12712
12739
12737
12736
12719
12710
12722
12727
12732
12733
12723
12726
12734
12709
12707
12708
12702
12713
12711
12716
12714
12718
12717
12715
12720
12721
12746
12725
12729
12724
12728
12744
12738
12742
12743
12740
12735
12731
12741
12730
12745
12754
12766
12768
12764
12750
12749
12758
12753
12770
12763
12755
12757
12759
12756
12748
12760
12762
12747
12765
12761
12752
12751
12775
12771
12779
12772
12780
12774
12776
12805
12777
12790
12778
12767
12773
12769
12806
12810
12804
12796
12812
12786
12801
12784
12787
12799
12811
12802
12782
12795
12781
12803
12785
12788
12783
12791
12789
12792
12798
12797
12794
12793
12800
12809
12813
12807
12808
12818
12814
12815
12816
12819
12820
12817
12831
12821
12828
12826
12822
12825
12838
12835
12832
12823
12834
12824
12836
12844
12833
12854
12841
12845
12837
12839
12842
12843
12851
12840
12830
12827
12829
12863
12879
12870
12872
12850
12868
12856
12861
12876
12880
12875
12882
12878
12883
12884
12857
12853
12862
12847
12852
12865
12858
12873
12860
12849
12866
12859
12864
12848
12855
12846
12871
12874
12869
12867
12885
12877
12881
11945
11967
11948
11958
11961
11972
11939
11957
11962
11959
11968
11976
11971
11952
11963
11974
11964
11969
11965
11953
11942
11943
11984
11982
11981
11983
11987
11988
11980
11989
11990
11960
12005
11998
11991
11993
12002
11995
12000
11996
12001
11997
12004
11992
11999
11994
12003
11977
11978
11979
12010
12008
12009
12007
12006
11986
11985
12014
12013
12016
12015
12017
12018
12019
12032
12030
12047
12056
12052
12055
12033
12049
12029
12054
12051
12046
12038
12041
12048
12045
12043
12044
12031
12011
12012
12021
12034
12020
12026
12025
12028
12027
12024
12023
12022
12036
12035
12037
12039
12040
12042
12058
12064
12062
12059
12060
12057
12061
12063
12050
12053
12084
12068
12078
12076
12083
12081
12079
12082
12071
12067
12077
12086
12085
12072
12070
12075
12080
12065
12074
12066
12073
12069
12098
12096
12110
12097
12092
12090
12109
12119
12108
12103
12095
12093
12091
12094
12087
12089
12088
12106
12107
12099
12105
12102
12104
12101
12100
12121
12122
12123
12116
12128
12120
12113
12115
12114
12111
12124
12112
12125
12127
12118
12117
12129
12126
12142
12140
12138
12131
12130
12146
12133
12135
12150
12141
12148
12134
12144
12149
12139
12147
12136
12145
12137
12132
12178
12167
12183
12166
12157
12154
12162
12168
12151
12189
12161
12165
12179
12182
12158
12159
12180
12155
12153
12152
12160
12143
12195
12199
12198
12193
12196
12197
12188
12194
12156
12163
12164
12172
12169
12170
12176
12177
12174
12173
12175
12171
12181
12192
12191
12184
12186
12187
12190
12185
11534
11644
11634
11587
11540
11537
11531
11538
11527
11536
11525
11529
11521
11554
11560
11570
11638
11555
11551
11574
11580
11556
11547
11545
11565
11562
11599
11684
11553
11602
11585
11575
11582
11567
11597
11645
11564
11600
11625
11571
11677
11576
11569
11559
11563
11583
11613
11568
11566
11631
11614
11578
11637
11581
11596
11593
11589
11702
11617
11598
11591
11588
11604
11647
11594
11590
11719
11586
11629
11656
11703
11720
11606
11694
11601
11624
11611
11605
11609
11595
11721
11610
11626
11616
11615
11618
11612
11710
11627
11619
11636
11622
11621
11663
11608
11620
11632
11689
11679
11652
11722
11707
11630
11709
11623
11648
11635
11628
11642
11650
11641
11651
11633
11646
11711
11654
11639
11713
11659
11688
11655
11668
11683
11640
11671
11649
11658
11643
11670
11660
11676
11662
11697
11699
11657
11690
11706
11723
11666
11661
11678
11700
11712
11673
11667
11664
11672
11674
11705
11665
11708
11675
11669
11682
11680
11704
11687
11685
11686
11695
11696
11693
11681
11692
11715
11714
11691
11698
11701
4908
4854
4853
4845
4897
5612
5724
4880
4848
4851
4855
4859
5651
4850
4869
4857
4860
4876
4861
5618
4875
4873
4899
4904
4886
5729
4916
5636
4895
4896
4877
4890
4903
4918
4893
4906
4868
4871
4879
5630
4902
4874
4898
5663
4943
5642
4891
5723
4975
5640
4888
4913
4914
4894
4884
4915
5623
4917
4900
4946
4892
5730
4881
5628
4883
5637
4931
4928
4911
4909
5644
4910
4983
4912
4922
5731
4907
4971
4937
4932
4974
5017
4938
5647
4993
4927
4925
4939
4926
5608
4929
4919
4924
4920
4970
4940
4930
4967
5722
4958
5732
5615
4945
5008
4981
5631
4949
4942
5025
4957
4953
4934
4986
4989
4944
4947
5616
4936
4935
4950
4941
4956
4933
4963
4964
4954
4979
4952
5638
5005
4948
5033
5659
4992
4960
5625
4951
4966
4955
4980
4965
4962
4959
4988
4969
4987
4961
4968
5041
5031
4976
4972
5011
4973
4984
4978
4994
5719
5019
4977
4998
5094
5679
5035
5000
5613
4982
5060
5635
4990
4991
5018
4995
5009
4985
5633
5006
5021
5013
5053
5001
5077
5014
4997
5052
4996
4999
5107
5044
5016
5002
5010
5049
5003
5632
5004
5007
5051
5624
5036
5030
5022
5012
5026
5559
5093
5721
5137
5034
5015
5023
5091
5037
5071
5050
5083
5057
5029
5020
5089
5024
5027
5046
5070
5717
5032
5082
5058
5028
5074
5047
5718
5045
5040
5038
5658
5043
5039
5054
5072
5059
5643
5042
5055
5063
5056
5062
5048
5064
5116
5733
5061
5112
5068
5078
5080
5073
5667
5069
5079
5065
5075
5067
5156
5115
5125
5084
5081
5154
5092
5109
5066
5108
5688
5086
5097
5076
5085
5138
5087
5106
5646
5088
5645
5134
5196
5664
5095
5090
5139
5652
5176
5725
5153
5130
5098
5118
5101
5103
5205
5133
5149
5099
5136
5105
5100
5720
5701
5096
5102
5110
5648
5104
5114
5160
5734
5183
5135
5165
5686
5177
5204
5111
5650
5127
5113
5672
5117
5126
5120
5144
5122
5124
5140
5735
5708
5203
5123
5711
5669
5119
5121
5141
5128
5129
5151
5150
5146
5690
5195
5155
5147
5212
5213
5290
5298
5289
5287
5286
5292
5293
5303
5331
5302
5323
5305
5311
5308
5337
5314
5316
5319
5322
5446
5439
5429
5455
5462
5467
5438
5428
5454
5430
5457
5456
5461
5313
5326
5318
5309
5306
5320
5315
5321
5317
5333
5324
5335
5327
5336
5341
5367
5347
5350
5352
5364
5344
5353
5351
5349
5361
5348
5355
5359
5366
5360
5356
5354
5362
5363
5358
5357
5368
5369
5372
5375
5365
5376
5370
5377
5374
5371
5382
5400
5379
5384
5391
5395
5394
5398
5397
5405
5407
5401
5406
5411
5409
5403
5392
5685
5709
5693
5694
5704
5696
5697
5416
5412
5413
5710
5408
5410
5399
5402
5404
5388
5378
5393
5380
5381
5383
5390
5385
5386
5387
5396
5480
5468
5470
5507
5515
5487
5424
5479
5528
5520
5516
5417
5422
5418
5414
5415
5421
5419
5420
5433
5440
5436
5432
5443
5453
5437
5459
5448
5445
5431
5435
5452
5449
5526
5488
5510
5486
5489
5502
5484
5471
5466
5477
5473
5444
5427
5423
5426
5425
5689
5691
5692
5695
5699
5707
5441
5434
5458
5469
5475
5474
5476
5442
5450
5447
5451
5460
5464
5463
5465
5472
5491
5483
5482
5481
5478
5490
5504
5485
5499
5495
5496
5505
5497
5501
5492
5494
5493
5498
5500
5506
5503
5512
5509
5511
5508
5534
5513
5514
5517
5518
5522
5523
5521
5545
5531
5533
5527
5519
5532
5560
5529
5530
5525
5524
5541
5540
5569
5538
5552
5543
5544
5554
5551
5536
5567
5535
5537
5542
5548
5539
5547
5681
5684
5683
5546
5573
5549
5556
5555
5564
5553
5557
5550
5558
5561
5563
5565
5562
5568
5570
5566
5571
5576
5572
5574
5607
5595
5597
5603
5600
5598
5596
5599
5601
5606
5605
5602
5604
5578
5575
5577
5579
5586
5580
5581
5592
5591
5589
5593
5585
5594
5582
5583
5590
5584
5588
5706
5698
5702
5705
5700
5703
11220
11221
11268
11285
11225
11236
11222
11227
11223
11231
11226
11271
11224
11283
11234
11230
11237
11232
11229
11235
11241
11273
11281
11276
11233
11228
11248
11242
11238
11252
11244
11250
11264
11239
11243
11279
11240
11249
11247
11261
11245
11260
11246
11265
11251
11255
11274
11253
11257
11256
11287
11263
11278
11266
11259
11258
11262
11254
11272
11267
11480
11345
11368
11388
11343
11347
11341
11337
11349
11354
11338
11383
11361
11382
11339
11346
11348
11414
11350
11408
11344
11447
11460
11352
11433
11351
11435
11461
11396
11369
11355
11409
11356
11379
11386
11374
11359
11358
11410
11449
11376
11362
11421
11365
11381
11413
11377
11370
11364
11401
11416
11366
11373
11367
11459
11380
11371
11392
11465
11378
11390
11393
11387
11406
11426
11403
11398
11424
11453
11397
11389
11395
11470
11385
11429
11405
11402
11391
11454
11394
11464
11473
11404
11472
11415
11441
11463
11427
11418
11417
11438
11420
11446
11431
11462
11481
11423
11425
11422
11469
11467
11442
11482
11430
11436
11428
11466
11450
11458
11439
11440
11468
11452
11444
11445
11443
11451
11434
11437
11448
11456
11455
11457
11483
11471